Best cluster number = 4 with silhouette 0.750738
Centers:
4
43.913 146.043 0
68.9333 19.4 1
20.15 64.95 2
98.1765 114.882 3
4 53 2
5 63 2
10 59 2
9 77 2
13 49 2
13 69 2
12 88 2
15 75 2
18 61 2
19 65 2
22 74 2
27 72 2
28 76 2
24 58 2
27 55 2
28 60 2
30 52 2
31 60 2
32 61 2
36 72 2
28 147 0
32 149 0
35 153 0
33 154 0
38 151 0
41 150 0
38 145 0
38 143 0
32 143 0
34 141 0
44 156 0
44 149 0
44 143 0
46 142 0
47 149 0
49 152 0
50 142 0
53 144 0
52 152 0
55 155 0
54 124 0
60 136 0
63 139 0
86 132 3
85 115 3
85 96 3
78 94 3
74 96 3
97 122 3
98 116 3
98 124 3
99 119 3
99 128 3
101 115 3
108 111 3
110 111 3
108 116 3
111 126 3
115 117 3
117 115 3
70 4 1
77 12 1
83 21 1
61 15 1
69 15 1
78 16 1
66 18 1
58 13 1
64 20 1
69 21 1
66 23 1
61 25 1
76 27 1
72 31 1
64 30 1
